sys/main.dol:
  2151665576: [148, 33, 255, 240, 124, 8, 2, 166, 144, 1, 0, 20, 75, 198, 8, 173,
    60, 160, 128, 64, 56, 165, 208, 64, 136, 165, 0, 0, 60, 96, 128, 60, 56, 99, 76,
    198, 56, 0, 0, 1, 124, 4, 40, 48, 56, 132, 255, 255, 152, 131, 0, 0, 44, 5, 0,
    8, 65, 128, 0, 20, 60, 96, 128, 60, 56, 99, 82, 44, 56, 128, 61, 4, 75, 197, 251,
    21, 60, 160, 128, 64, 56, 165, 208, 67, 136, 165, 0, 0, 44, 5, 0, 1, 64, 130,
    0, 44, 60, 96, 128, 60, 56, 99, 82, 44, 56, 128, 57, 4, 75, 197, 250, 241, 56,
    128, 57, 2, 75, 197, 250, 233, 56, 128, 57, 1, 75, 197, 250, 225, 56, 128, 58,
    128, 75, 197, 250, 217, 128, 1, 0, 20, 124, 8, 3, 166, 56, 33, 0, 16, 78, 128,
    0, 32, 0, 1, 0, 1, 148, 33, 255, 240, 124, 8, 2, 166, 144, 1, 0, 20, 44, 3, 0,
    56, 65, 130, 0, 128, 44, 3, 0, 57, 65, 130, 0, 120, 44, 3, 0, 58, 65, 130, 0,
    112, 44, 3, 0, 61, 65, 130, 0, 104, 44, 3, 0, 62, 65, 130, 0, 96, 44, 3, 0, 39,
    65, 130, 0, 172, 44, 3, 0, 53, 65, 130, 0, 164, 44, 3, 0, 54, 65, 130, 0, 156,
    44, 3, 0, 171, 65, 130, 0, 216, 44, 3, 0, 172, 65, 130, 0, 208, 44, 3, 0, 173,
    65, 130, 0, 252, 44, 3, 0, 174, 65, 130, 0, 244, 44, 3, 0, 175, 65, 130, 1, 32,
    44, 3, 0, 176, 65, 130, 1, 24, 44, 3, 0, 35, 65, 130, 1, 68, 44, 3, 0, 38, 65,
    130, 1, 60, 72, 0, 1, 108, 60, 96, 128, 60, 56, 99, 76, 188, 136, 131, 0, 0, 44,
    4, 0, 0, 65, 130, 0, 36, 44, 4, 0, 1, 65, 130, 0, 36, 44, 4, 0, 3, 65, 130, 0,
    36, 44, 4, 0, 7, 65, 130, 0, 36, 56, 96, 0, 56, 72, 0, 1, 56, 56, 96, 0, 56, 72,
    0, 1, 48, 56, 96, 0, 57, 72, 0, 1, 40, 56, 96, 0, 58, 72, 0, 1, 32, 56, 96, 0,
    62, 72, 0, 1, 24, 60, 96, 128, 60, 56, 99, 76, 101, 136, 131, 0, 0, 44, 4, 0,
    0, 65, 130, 0, 28, 44, 4, 0, 1, 65, 130, 0, 28, 44, 4, 0, 3, 65, 130, 0, 28, 56,
    96, 0, 39, 72, 0, 0, 236, 56, 96, 0, 39, 72, 0, 0, 228, 56, 96, 0, 53, 72, 0,
    0, 220, 56, 96, 0, 54, 72, 0, 0, 212, 60, 96, 128, 60, 56, 99, 76, 26, 136, 131,
    0, 0, 44, 4, 0, 0, 65, 130, 0, 20, 44, 4, 0, 1, 65, 130, 0, 20, 56, 96, 0, 171,
    72, 0, 0, 176, 56, 96, 0, 171, 72, 0, 0, 168, 56, 96, 0, 172, 72, 0, 0, 160, 60,
    96, 128, 60, 56, 99, 76, 114, 136, 131, 0, 6, 44, 4, 0, 30, 65, 130, 0, 20, 44,
    4, 0, 60, 65, 130, 0, 20, 56, 96, 0, 173, 72, 0, 0, 124, 56, 96, 0, 173, 72, 0,
    0, 116, 56, 96, 0, 174, 72, 0, 0, 108, 60, 96, 128, 60, 56, 99, 76, 113, 136,
    131, 0, 6, 44, 4, 0, 30, 65, 130, 0, 20, 44, 4, 0, 60, 65, 130, 0, 20, 56, 96,
    0, 175, 72, 0, 0, 72, 56, 96, 0, 175, 72, 0, 0, 64, 56, 96, 0, 176, 72, 0, 0,
    56, 60, 96, 128, 60, 56, 99, 76, 97, 136, 131, 0, 0, 44, 4, 0, 0, 65, 130, 0,
    20, 44, 4, 0, 1, 65, 130, 0, 20, 56, 96, 0, 35, 72, 0, 0, 20, 56, 96, 0, 35, 72,
    0, 0, 12, 56, 96, 0, 38, 72, 0, 0, 4, 128, 1, 0, 20, 124, 8, 3, 166, 56, 33, 0,
    16, 78, 128, 0, 32, 148, 33, 255, 240, 124, 8, 2, 166, 144, 1, 0, 20, 127, 67,
    211, 120, 75, 255, 253, 233, 124, 122, 27, 120, 56, 96, 1, 3, 128, 1, 0, 20, 124,
    8, 3, 166, 56, 33, 0, 16, 78, 128, 0, 32, 148, 33, 255, 240, 124, 8, 2, 166, 144,
    1, 0, 20, 136, 127, 0, 179, 75, 255, 253, 189, 152, 127, 0, 179, 124, 96, 27,
    120, 128, 97, 0, 20, 124, 104, 3, 166, 56, 33, 0, 16, 78, 128, 0, 32, 148, 33,
    255, 240, 124, 8, 2, 166, 144, 1, 0, 20, 128, 124, 3, 12, 75, 255, 253, 145, 124,
    96, 27, 120, 128, 97, 0, 20, 124, 104, 3, 166, 56, 33, 0, 16, 78, 128, 0, 32,
    148, 33, 255, 240, 124, 8, 2, 166, 144, 1, 0, 20, 136, 99, 82, 172, 75, 255, 253,
    105, 124, 123, 27, 120, 128, 1, 0, 20, 124, 8, 3, 166, 56, 33, 0, 16, 78, 128,
    0, 32, 148, 33, 255, 240, 124, 8, 2, 166, 144, 1, 0, 20, 75, 242, 188, 61, 124,
    126, 27, 120, 136, 126, 0, 179, 75, 255, 253, 57, 152, 126, 6, 58, 127, 195, 243,
    120, 128, 1, 0, 20, 124, 8, 3, 166, 56, 33, 0, 16, 78, 128, 0, 32, 148, 33, 255,
    240, 124, 8, 2, 166, 144, 1, 0, 20, 75, 198, 45, 37, 75, 255, 253, 13, 128, 1,
    0, 20, 124, 8, 3, 166, 56, 33, 0, 16, 78, 128, 0, 32, 148, 33, 255, 240, 124,
    8, 2, 166, 144, 1, 0, 20, 60, 96, 128, 60, 56, 99, 76, 188, 136, 131, 0, 0, 44,
    4, 0, 0, 65, 130, 0, 32, 44, 4, 0, 1, 65, 130, 0, 32, 44, 4, 0, 3, 65, 130, 0,
    32, 44, 4, 0, 7, 65, 130, 0, 32, 72, 0, 0, 32, 75, 204, 103, 77, 72, 0, 0, 24,
    75, 204, 103, 133, 72, 0, 0, 16, 75, 204, 103, 189, 72, 0, 0, 8, 75, 204, 104,
    181, 128, 1, 0, 20, 124, 8, 3, 166, 56, 33, 0, 16, 78, 128, 0, 32, 148, 33, 255,
    240, 124, 8, 2, 166, 144, 1, 0, 20, 60, 96, 128, 60, 56, 99, 76, 101, 136, 131,
    0, 0, 44, 4, 0, 0, 65, 130, 0, 24, 44, 4, 0, 1, 65, 130, 0, 24, 44, 4, 0, 3, 65,
    130, 0, 24, 72, 0, 0, 24, 75, 204, 96, 77, 72, 0, 0, 16, 75, 204, 99, 141, 72,
    0, 0, 8, 75, 204, 101, 49, 128, 1, 0, 20, 124, 8, 3, 166, 56, 33, 0, 16, 78, 128,
    0, 32, 60, 96, 128, 60, 56, 99, 76, 26, 136, 131, 0, 0, 44, 4, 0, 0, 65, 130,
    0, 16, 44, 4, 0, 1, 65, 130, 0, 20, 72, 0, 0, 24, 56, 128, 0, 1, 152, 131, 0,
    0, 72, 0, 0, 12, 56, 128, 0, 2, 152, 131, 0, 0, 78, 128, 0, 32, 60, 96, 128, 60,
    56, 99, 76, 114, 136, 131, 0, 6, 44, 4, 0, 30, 65, 130, 0, 16, 44, 4, 0, 60, 65,
    130, 0, 24, 72, 0, 0, 32, 56, 128, 0, 60, 152, 131, 0, 0, 152, 131, 0, 6, 72,
    0, 0, 16, 56, 128, 0, 99, 152, 131, 0, 0, 152, 131, 0, 6, 78, 128, 0, 32, 60,
    96, 128, 60, 56, 99, 76, 113, 136, 131, 0, 6, 44, 4, 0, 30, 65, 130, 0, 16, 44,
    4, 0, 60, 65, 130, 0, 24, 72, 0, 0, 32, 56, 128, 0, 60, 152, 131, 0, 0, 152, 131,
    0, 6, 72, 0, 0, 16, 56, 128, 0, 99, 152, 131, 0, 0, 152, 131, 0, 6, 78, 128, 0,
    32, 148, 33, 255, 240, 124, 8, 2, 166, 144, 1, 0, 20, 60, 96, 128, 60, 56, 99,
    76, 97, 136, 131, 0, 0, 44, 4, 0, 0, 65, 130, 0, 16, 44, 4, 0, 1, 65, 130, 0,
    16, 72, 0, 0, 16, 75, 204, 94, 53, 72, 0, 0, 8, 75, 204, 94, 249, 128, 1, 0, 20,
    124, 8, 3, 166, 56, 33, 0, 16, 78, 128, 0, 32, 148, 33, 255, 240, 124, 8, 2, 166,
    144, 1, 0, 20, 60, 96, 128, 60, 56, 99, 82, 44, 56, 128, 105, 1, 75, 197, 245,
    225, 128, 1, 0, 20, 124, 8, 3, 166, 56, 33, 0, 16, 78, 128, 0, 32, 148, 33, 255,
    240, 124, 8, 2, 166, 144, 1, 0, 20, 75, 198, 41, 205, 60, 96, 128, 60, 56, 99,
    82, 44, 56, 128, 105, 2, 75, 197, 245, 177, 128, 1, 0, 20, 124, 8, 3, 166, 56,
    33, 0, 16, 78, 128, 0, 32, 148, 33, 255, 240, 124, 8, 2, 166, 144, 1, 0, 20, 60,
    96, 128, 60, 56, 99, 82, 44, 56, 128, 105, 2, 75, 197, 245, 181, 128, 1, 0, 20,
    124, 8, 3, 166, 56, 33, 0, 16, 78, 128, 0, 32, 148, 33, 255, 240, 124, 8, 2, 166,
    144, 1, 0, 20, 44, 4, 0, 255, 65, 130, 0, 44, 124, 169, 43, 120, 125, 5, 67, 120,
    124, 200, 51, 120, 125, 38, 75, 120, 124, 234, 59, 120, 56, 224, 0, 3, 57, 32,
    0, 5, 75, 194, 149, 25, 124, 163, 43, 120, 72, 0, 0, 8, 56, 96, 0, 0, 128, 1,
    0, 20, 124, 8, 3, 166, 56, 33, 0, 16, 78, 128, 0, 32, 148, 33, 255, 240, 124,
    8, 2, 166, 144, 1, 0, 20, 61, 64, 128, 64, 57, 74, 214, 60, 192, 3, 0, 0, 192,
    138, 0, 0, 236, 4, 0, 42, 208, 3, 0, 0, 192, 3, 0, 4, 192, 138, 0, 4, 236, 4,
    0, 42, 208, 3, 0, 4, 192, 3, 0, 8, 192, 138, 0, 8, 236, 4, 0, 42, 208, 3, 0, 8,
    75, 255, 255, 109, 128, 1, 0, 20, 124, 8, 3, 166, 56, 33, 0, 16, 78, 128, 0, 32,
    195, 117, 0, 0, 0, 0, 0, 0, 195, 7, 0, 0, 148, 33, 255, 240, 124, 8, 2, 166, 144,
    1, 0, 20, 60, 96, 128, 60, 56, 99, 76, 8, 56, 99, 0, 180, 75, 197, 219, 209, 44,
    3, 0, 8, 64, 128, 0, 12, 56, 96, 0, 0, 72, 0, 0, 8, 56, 96, 0, 1, 128, 1, 0, 20,
    124, 8, 3, 166, 56, 33, 0, 16, 78, 128, 0, 32, 148, 33, 255, 240, 124, 8, 2, 166,
    144, 1, 0, 20, 75, 234, 191, 201, 60, 96, 128, 61, 56, 99, 167, 92, 128, 99, 0,
    0, 168, 99, 2, 6, 124, 99, 0, 208, 56, 131, 64, 0, 56, 132, 16, 0, 84, 132, 0,
    36, 56, 96, 0, 0, 75, 200, 209, 21, 128, 1, 0, 20, 124, 8, 3, 166, 56, 33, 0,
    16, 78, 128, 0, 32, 148, 33, 255, 240, 124, 8, 2, 166, 144, 1, 0, 20, 56, 96,
    0, 8, 56, 128, 0, 0, 75, 197, 98, 53, 128, 1, 0, 20, 124, 8, 3, 166, 56, 33, 0,
    16, 78, 128, 0, 32, 148, 33, 255, 240, 124, 8, 2, 166, 144, 1, 0, 20, 147, 225,
    0, 12, 124, 159, 35, 120, 84, 132, 6, 62, 75, 194, 138, 9, 87, 228, 132, 63, 65,
    130, 0, 24, 124, 127, 27, 120, 60, 96, 128, 60, 56, 99, 82, 44, 75, 197, 243,
    221, 127, 227, 251, 120, 131, 225, 0, 12, 128, 1, 0, 20, 124, 8, 3, 166, 56, 33,
    0, 16, 78, 128, 0, 32, 148, 33, 255, 240, 124, 8, 2, 166, 144, 1, 0, 20, 75, 197,
    188, 185, 60, 96, 128, 60, 56, 99, 82, 44, 56, 128, 105, 32, 75, 197, 243, 165,
    128, 1, 0, 20, 124, 8, 3, 166, 56, 33, 0, 16, 78, 128, 0, 32, 148, 33, 255, 240,
    124, 8, 2, 166, 144, 1, 0, 20, 147, 225, 0, 12, 124, 159, 35, 120, 75, 194, 137,
    145, 60, 128, 128, 64, 56, 132, 215, 204, 136, 132, 0, 0, 124, 31, 32, 0, 64,
    130, 0, 28, 124, 127, 27, 120, 60, 96, 128, 60, 56, 99, 82, 44, 56, 128, 105,
    64, 75, 197, 243, 85, 127, 227, 251, 120, 131, 225, 0, 12, 128, 1, 0, 20, 124,
    8, 3, 166, 56, 33, 0, 16, 78, 128, 0, 32, 42, 0, 0, 0, 148, 33, 255, 240, 124,
    8, 2, 166, 144, 1, 0, 20, 147, 225, 0, 12, 75, 194, 137, 57, 124, 127, 27, 120,
    60, 96, 128, 60, 56, 99, 82, 44, 56, 128, 105, 128, 75, 197, 243, 17, 127, 227,
    251, 120, 131, 225, 0, 12, 128, 1, 0, 20, 124, 8, 3, 166, 56, 33, 0, 16, 78, 128,
    0, 32, 148, 33, 255, 240, 124, 8, 2, 166, 144, 1, 0, 20, 147, 225, 0, 12, 75,
    194, 136, 249, 124, 127, 27, 120, 60, 96, 128, 60, 56, 99, 82, 44, 56, 128, 106,
    1, 75, 197, 242, 209, 127, 227, 251, 120, 131, 225, 0, 12, 128, 1, 0, 20, 124,
    8, 3, 166, 56, 33, 0, 16, 78, 128, 0, 32, 148, 33, 255, 240, 124, 8, 2, 166, 144,
    1, 0, 20, 147, 225, 0, 12, 124, 127, 27, 120, 75, 194, 134, 65, 171, 255, 8, 106,
    44, 31, 0, 0, 64, 130, 0, 28, 124, 127, 27, 120, 60, 96, 128, 60, 56, 99, 82,
    44, 56, 128, 106, 2, 75, 197, 242, 129, 127, 227, 251, 120, 131, 225, 0, 12, 128,
    1, 0, 20, 124, 8, 3, 166, 56, 33, 0, 16, 78, 128, 0, 32, 148, 33, 255, 240, 124,
    8, 2, 166, 144, 1, 0, 20, 61, 0, 128, 61, 57, 8, 157, 68, 169, 8, 0, 0, 61, 32,
    128, 64, 57, 41, 217, 44, 56, 0, 0, 5, 124, 9, 3, 166, 136, 9, 0, 0, 124, 0, 64,
    0, 65, 130, 0, 16, 57, 41, 0, 16, 66, 0, 255, 240, 72, 0, 0, 60, 129, 9, 0, 4,
    145, 5, 0, 0, 129, 9, 0, 8, 145, 5, 0, 4, 129, 9, 0, 12, 145, 5, 0, 8, 169, 9,
    0, 2, 177, 5, 0, 12, 125, 6, 67, 120, 125, 28, 67, 120, 137, 9, 0, 1, 153, 5,
    0, 14, 125, 7, 67, 120, 125, 29, 67, 120, 75, 197, 252, 109, 128, 1, 0, 20, 124,
    8, 3, 166, 56, 33, 0, 16, 78, 128, 0, 32, 15, 15, 148, 160, 197, 100, 48, 82,
    68, 194, 181, 113, 70, 78, 204, 205, 22, 0, 64, 0, 197, 131, 34, 164, 68, 60,
    161, 39, 69, 232, 196, 0, 23, 2, 176, 0, 68, 39, 6, 217, 68, 193, 192, 0, 69,
    15, 172, 0, 24, 12, 192, 0, 70, 93, 236, 102, 197, 158, 51, 236, 70, 11, 208,
    51, 69, 3, 64, 0, 197, 129, 149, 51, 68, 137, 128, 0, 66, 63, 133, 31, 148, 33,
    255, 240, 124, 8, 2, 166, 144, 1, 0, 20, 61, 0, 128, 61, 57, 8, 157, 68, 169,
    8, 0, 0, 61, 32, 128, 64, 57, 41, 218, 8, 56, 0, 0, 5, 124, 9, 3, 166, 136, 9,
    0, 0, 124, 0, 64, 0, 65, 130, 0, 16, 57, 41, 0, 16, 66, 0, 255, 240, 72, 0, 0,
    60, 129, 9, 0, 4, 145, 5, 0, 0, 129, 9, 0, 8, 145, 5, 0, 4, 129, 9, 0, 12, 145,
    5, 0, 8, 169, 9, 0, 2, 177, 5, 0, 12, 125, 6, 67, 120, 125, 31, 67, 120, 137,
    9, 0, 1, 153, 5, 0, 14, 125, 7, 67, 120, 125, 30, 67, 120, 75, 197, 251, 145,
    128, 1, 0, 20, 124, 8, 3, 166, 56, 33, 0, 16, 78, 128, 0, 32, 0, 0, 128, 0, 197,
    225, 121, 174, 195, 72, 0, 0, 69, 164, 86, 82, 22, 2, 224, 0, 196, 251, 163, 133,
    67, 72, 0, 0, 196, 157, 223, 10, 23, 6, 128, 0, 69, 148, 112, 0, 67, 175, 0, 0,
    197, 12, 176, 246, 24, 15, 224, 0, 197, 20, 54, 20, 196, 250, 0, 0, 70, 4, 94,
    41, 69, 3, 64, 0, 195, 128, 120, 49, 0, 0, 0, 0, 196, 66, 128, 0, 148, 33, 255,
    240, 124, 8, 2, 166, 144, 1, 0, 20, 60, 128, 128, 64, 56, 132, 218, 136, 192,
    100, 0, 0, 192, 132, 0, 4, 75, 229, 78, 113, 128, 1, 0, 20, 124, 8, 3, 166, 56,
    33, 0, 16, 78, 128, 0, 32, 64, 0, 0, 0, 62, 76, 204, 205, 148, 33, 255, 240, 124,
    8, 2, 166, 144, 1, 0, 20, 60, 128, 128, 64, 56, 132, 218, 192, 192, 100, 0, 0,
    192, 132, 0, 4, 75, 229, 78, 57, 128, 1, 0, 20, 124, 8, 3, 166, 56, 33, 0, 16,
    78, 128, 0, 32, 64, 0, 0, 0, 61, 204, 204, 205, 40, 30, 0, 0, 65, 130, 0, 8, 72,
    0, 0, 8, 75, 207, 56, 236, 128, 30, 1, 196, 75, 207, 56, 208, 60, 96, 128, 60,
    56, 99, 76, 27, 128, 118, 4, 40, 75, 227, 64, 32, 60, 96, 128, 58, 56, 99, 77,
    240, 192, 3, 0, 0, 192, 34, 165, 232, 236, 1, 0, 50, 252, 0, 0, 30, 216, 1, 0,
    104, 128, 1, 0, 108, 252, 32, 8, 30, 216, 33, 0, 104, 128, 97, 0, 108, 84, 99,
    240, 190, 124, 0, 24, 0, 64, 128, 0, 20, 124, 99, 0, 208, 124, 0, 24, 0, 64, 129,
    0, 8, 72, 0, 0, 20, 168, 127, 2, 14, 124, 0, 24, 80, 176, 31, 2, 14, 176, 31,
    2, 6, 192, 2, 164, 88, 75, 212, 123, 0, 148, 33, 255, 240, 124, 8, 2, 166, 144,
    1, 0, 20, 75, 197, 239, 217, 44, 3, 0, 0, 65, 130, 0, 24, 60, 96, 128, 61, 56,
    99, 157, 60, 60, 128, 128, 64, 56, 132, 219, 140, 75, 242, 255, 205, 128, 1, 0,
    20, 124, 8, 3, 166, 56, 33, 0, 16, 78, 128, 0, 32, 71, 97, 110, 111, 110, 74,
    0, 0, 152, 4, 0, 72, 136, 4, 0, 14, 44, 0, 0, 255, 64, 130, 0, 12, 56, 0, 0, 56,
    152, 4, 0, 14, 75, 227, 131, 104, 60, 96, 128, 61, 56, 99, 157, 60, 60, 128, 128,
    55, 56, 132, 169, 72, 75, 242, 255, 133, 44, 3, 0, 0, 64, 130, 0, 40, 60, 96,
    128, 60, 56, 99, 76, 8, 136, 3, 0, 14, 44, 0, 0, 255, 64, 130, 0, 20, 56, 0, 0,
    56, 152, 3, 0, 14, 124, 125, 27, 120, 75, 227, 132, 156, 60, 96, 128, 60, 75,
    227, 132, 140, 136, 29, 0, 180, 44, 0, 0, 0, 64, 130, 0, 12, 56, 0, 0, 255, 152,
    29, 0, 14, 136, 29, 0, 72, 75, 227, 132, 120, 192, 35, 0, 16, 252, 32, 8, 80,
    75, 214, 72, 112, 128, 109, 150, 48, 40, 0, 0, 105, 65, 130, 0, 72, 40, 0, 0,
    106, 65, 130, 0, 64, 40, 0, 0, 107, 65, 130, 0, 56, 40, 0, 0, 109, 65, 130, 0,
    60, 40, 0, 0, 110, 65, 130, 0, 52, 40, 0, 0, 111, 65, 130, 0, 44, 40, 0, 0, 112,
    65, 130, 0, 36, 40, 0, 0, 113, 65, 130, 0, 28, 40, 0, 0, 114, 65, 130, 0, 20,
    75, 211, 7, 128, 60, 128, 128, 0, 56, 132, 0, 79, 75, 211, 7, 124, 60, 128, 128,
    0, 56, 132, 0, 39, 75, 211, 7, 112, 84, 6, 6, 63, 64, 130, 0, 52, 136, 195, 0,
    3, 40, 6, 0, 0, 64, 130, 0, 40, 136, 195, 0, 4, 40, 6, 0, 75, 65, 128, 0, 28,
    40, 6, 0, 79, 65, 129, 0, 20, 127, 227, 251, 120, 124, 196, 51, 120, 72, 0, 0,
    17, 75, 195, 112, 120, 84, 0, 6, 62, 75, 195, 97, 180, 148, 33, 255, 176, 124,
    8, 2, 166, 144, 1, 0, 84, 147, 225, 0, 12, 147, 193, 0, 8, 124, 127, 27, 120,
    56, 132, 255, 184, 60, 96, 128, 60, 56, 99, 83, 164, 136, 163, 0, 0, 124, 5, 32,
    0, 65, 130, 0, 32, 60, 96, 128, 60, 56, 99, 79, 136, 28, 132, 0, 36, 124, 99,
    34, 20, 136, 131, 0, 32, 124, 126, 27, 120, 72, 0, 0, 20, 60, 96, 128, 60, 56,
    99, 83, 128, 136, 131, 0, 32, 124, 126, 27, 120, 56, 97, 0, 28, 56, 160, 0, 0,
    75, 195, 115, 141, 136, 158, 0, 33, 84, 132, 7, 123, 65, 130, 0, 24, 56, 97, 0,
    28, 60, 128, 128, 64, 56, 132, 221, 156, 75, 242, 255, 37, 72, 0, 0, 20, 56, 97,
    0, 28, 60, 128, 128, 64, 56, 132, 221, 162, 75, 242, 255, 17, 128, 127, 0, 96,
    56, 129, 0, 28, 75, 242, 255, 5, 128, 127, 0, 104, 56, 129, 0, 28, 75, 242, 254,
    249, 128, 159, 1, 24, 56, 132, 0, 5, 144, 159, 1, 24, 131, 193, 0, 8, 131, 225,
    0, 12, 128, 1, 0, 84, 124, 8, 3, 166, 56, 33, 0, 80, 78, 128, 0, 32, 32, 43, 66,
    105, 103, 0, 32, 32, 32, 32, 32, 0, 148, 33, 255, 240, 124, 8, 2, 166, 144, 1,
    0, 20, 124, 101, 27, 120, 124, 134, 35, 120, 60, 96, 128, 60, 56, 99, 83, 164,
    136, 131, 0, 0, 124, 4, 40, 0, 65, 130, 0, 24, 60, 96, 128, 60, 56, 99, 79, 136,
    28, 133, 0, 36, 124, 99, 34, 20, 72, 0, 0, 12, 60, 96, 128, 60, 56, 99, 83, 128,
    124, 196, 51, 120, 75, 197, 233, 181, 128, 1, 0, 20, 124, 8, 3, 166, 56, 33, 0,
    16, 78, 128, 0, 32, 148, 33, 255, 240, 124, 8, 2, 166, 144, 1, 0, 20, 124, 101,
    27, 120, 60, 96, 128, 60, 56, 99, 83, 164, 136, 131, 0, 0, 124, 4, 40, 0, 64,
    130, 0, 44, 60, 96, 128, 60, 56, 99, 76, 8, 133, 131, 81, 80, 129, 140, 0, 176,
    125, 137, 3, 166, 78, 128, 4, 33, 136, 3, 0, 9, 84, 0, 7, 255, 65, 130, 0, 40,
    72, 0, 0, 60, 60, 96, 128, 60, 56, 99, 79, 136, 28, 133, 0, 36, 124, 99, 34, 20,
    136, 131, 0, 32, 56, 132, 0, 1, 152, 131, 0, 32, 72, 0, 0, 32, 60, 96, 128, 60,
    56, 99, 83, 128, 136, 131, 0, 32, 56, 132, 0, 1, 152, 131, 0, 32, 72, 0, 0, 8,
    75, 204, 83, 41, 128, 1, 0, 20, 124, 8, 3, 166, 56, 33, 0, 16, 78, 128, 0, 32,
    148, 33, 255, 240, 124, 8, 2, 166, 144, 1, 0, 20, 56, 96, 0, 3, 75, 255, 255,
    89, 128, 1, 0, 20, 124, 8, 3, 166, 56, 33, 0, 16, 78, 128, 0, 32, 148, 33, 255,
    240, 124, 8, 2, 166, 144, 1, 0, 20, 56, 96, 0, 4, 75, 255, 255, 53, 128, 1, 0,
    20, 124, 8, 3, 166, 56, 33, 0, 16, 78, 128, 0, 32, 148, 33, 255, 240, 124, 8,
    2, 166, 144, 1, 0, 20, 56, 96, 0, 5, 75, 255, 255, 17, 128, 1, 0, 20, 124, 8,
    3, 166, 56, 33, 0, 16, 78, 128, 0, 32, 148, 33, 255, 240, 124, 8, 2, 166, 144,
    1, 0, 20, 56, 96, 0, 6, 75, 255, 254, 237, 128, 1, 0, 20, 124, 8, 3, 166, 56,
    33, 0, 16, 78, 128, 0, 32, 148, 33, 255, 240, 124, 8, 2, 166, 144, 1, 0, 20, 56,
    96, 0, 7, 75, 255, 254, 201, 128, 1, 0, 20, 124, 8, 3, 166, 56, 33, 0, 16, 78,
    128, 0, 32, 148, 33, 255, 240, 124, 8, 2, 166, 144, 1, 0, 20, 56, 96, 0, 3, 56,
    128, 0, 2, 75, 255, 254, 69, 128, 1, 0, 20, 124, 8, 3, 166, 56, 33, 0, 16, 78,
    128, 0, 32, 148, 33, 255, 240, 124, 8, 2, 166, 144, 1, 0, 20, 56, 96, 0, 4, 56,
    128, 0, 2, 75, 255, 254, 29, 128, 1, 0, 20, 124, 8, 3, 166, 56, 33, 0, 16, 78,
    128, 0, 32, 148, 33, 255, 240, 124, 8, 2, 166, 144, 1, 0, 20, 56, 96, 0, 5, 56,
    128, 0, 2, 75, 255, 253, 245, 128, 1, 0, 20, 124, 8, 3, 166, 56, 33, 0, 16, 78,
    128, 0, 32, 148, 33, 255, 240, 124, 8, 2, 166, 144, 1, 0, 20, 56, 96, 0, 6, 56,
    128, 0, 2, 75, 255, 253, 205, 128, 1, 0, 20, 124, 8, 3, 166, 56, 33, 0, 16, 78,
    128, 0, 32, 148, 33, 255, 240, 124, 8, 2, 166, 144, 1, 0, 20, 56, 96, 0, 7, 56,
    128, 0, 2, 75, 255, 253, 165, 128, 1, 0, 20, 124, 8, 3, 166, 56, 33, 0, 16, 78,
    128, 0, 32, 148, 33, 255, 240, 124, 8, 2, 166, 144, 1, 0, 20, 56, 96, 0, 3, 56,
    128, 0, 0, 75, 255, 253, 125, 128, 1, 0, 20, 124, 8, 3, 166, 56, 33, 0, 16, 78,
    128, 0, 32, 148, 33, 255, 240, 124, 8, 2, 166, 144, 1, 0, 20, 56, 96, 0, 4, 56,
    128, 0, 0, 75, 255, 253, 85, 128, 1, 0, 20, 124, 8, 3, 166, 56, 33, 0, 16, 78,
    128, 0, 32, 148, 33, 255, 240, 124, 8, 2, 166, 144, 1, 0, 20, 56, 96, 0, 5, 56,
    128, 0, 0, 75, 255, 253, 45, 128, 1, 0, 20, 124, 8, 3, 166, 56, 33, 0, 16, 78,
    128, 0, 32, 148, 33, 255, 240, 124, 8, 2, 166, 144, 1, 0, 20, 56, 96, 0, 2, 56,
    128, 0, 0, 75, 255, 253, 5, 128, 1, 0, 20, 124, 8, 3, 166, 56, 33, 0, 16, 78,
    128, 0, 32, 148, 33, 255, 240, 124, 8, 2, 166, 144, 1, 0, 20, 56, 96, 0, 6, 56,
    128, 0, 0, 75, 255, 252, 221, 128, 1, 0, 20, 124, 8, 3, 166, 56, 33, 0, 16, 78,
    128, 0, 32, 148, 33, 255, 240, 124, 8, 2, 166, 144, 1, 0, 20, 56, 96, 0, 7, 56,
    128, 0, 0, 75, 255, 252, 181, 128, 1, 0, 20, 124, 8, 3, 166, 56, 33, 0, 16, 78,
    128, 0, 32, 148, 33, 255, 240, 124, 8, 2, 166, 144, 1, 0, 20, 56, 96, 0, 3, 56,
    128, 0, 1, 75, 255, 252, 141, 128, 1, 0, 20, 124, 8, 3, 166, 56, 33, 0, 16, 78,
    128, 0, 32, 148, 33, 255, 240, 124, 8, 2, 166, 144, 1, 0, 20, 56, 96, 0, 4, 56,
    128, 0, 1, 75, 255, 252, 101, 128, 1, 0, 20, 124, 8, 3, 166, 56, 33, 0, 16, 78,
    128, 0, 32, 148, 33, 255, 240, 124, 8, 2, 166, 144, 1, 0, 20, 56, 96, 0, 5, 56,
    128, 0, 1, 75, 255, 252, 61, 128, 1, 0, 20, 124, 8, 3, 166, 56, 33, 0, 16, 78,
    128, 0, 32, 148, 33, 255, 240, 124, 8, 2, 166, 144, 1, 0, 20, 56, 96, 0, 2, 56,
    128, 0, 1, 75, 255, 252, 21, 128, 1, 0, 20, 124, 8, 3, 166, 56, 33, 0, 16, 78,
    128, 0, 32, 148, 33, 255, 240, 124, 8, 2, 166, 144, 1, 0, 20, 56, 96, 0, 6, 56,
    128, 0, 1, 75, 255, 251, 237, 128, 1, 0, 20, 124, 8, 3, 166, 56, 33, 0, 16, 78,
    128, 0, 32, 148, 33, 255, 240, 124, 8, 2, 166, 144, 1, 0, 20, 56, 96, 0, 7, 56,
    128, 0, 1, 75, 255, 251, 197, 128, 1, 0, 20, 124, 8, 3, 166, 56, 33, 0, 16, 78,
    128, 0, 32, 148, 33, 255, 240, 124, 8, 2, 166, 144, 1, 0, 20, 60, 96, 128, 60,
    56, 99, 82, 44, 56, 128, 106, 4, 75, 197, 232, 245, 128, 1, 0, 20, 124, 8, 3,
    166, 56, 33, 0, 16, 78, 128, 0, 32, 148, 33, 255, 240, 124, 8, 2, 166, 144, 1,
    0, 20, 60, 96, 128, 60, 56, 99, 82, 44, 56, 128, 106, 8, 75, 197, 232, 201, 128,
    1, 0, 20, 124, 8, 3, 166, 56, 33, 0, 16, 78, 128, 0, 32, 148, 33, 255, 240, 124,
    8, 2, 166, 144, 1, 0, 20, 60, 96, 128, 60, 56, 99, 82, 44, 56, 128, 106, 16, 75,
    197, 232, 157, 128, 1, 0, 20, 124, 8, 3, 166, 56, 33, 0, 16, 78, 128, 0, 32, 148,
    33, 255, 240, 124, 8, 2, 166, 144, 1, 0, 20, 60, 96, 128, 60, 56, 99, 82, 44,
    56, 128, 106, 32, 75, 197, 232, 113, 128, 1, 0, 20, 124, 8, 3, 166, 56, 33, 0,
    16, 78, 128, 0, 32, 148, 33, 255, 240, 124, 8, 2, 166, 144, 1, 0, 20, 60, 96,
    128, 60, 56, 99, 82, 44, 56, 128, 106, 64, 75, 197, 232, 69, 128, 1, 0, 20, 124,
    8, 3, 166, 56, 33, 0, 16, 78, 128, 0, 32, 148, 33, 255, 240, 124, 8, 2, 166, 144,
    1, 0, 20, 44, 4, 0, 15, 64, 130, 0, 100, 44, 3, 0, 3, 65, 130, 0, 40, 44, 3, 0,
    4, 65, 130, 0, 40, 44, 3, 0, 5, 65, 130, 0, 40, 44, 3, 0, 6, 65, 130, 0, 40, 44,
    3, 0, 7, 65, 130, 0, 40, 72, 0, 0, 56, 56, 128, 106, 4, 72, 0, 0, 32, 56, 128,
    106, 8, 72, 0, 0, 24, 56, 128, 106, 16, 72, 0, 0, 16, 56, 128, 106, 32, 72, 0,
    0, 8, 56, 128, 106, 64, 60, 96, 128, 60, 56, 99, 82, 44, 75, 197, 231, 245, 72,
    0, 0, 8, 56, 96, 0, 0, 128, 1, 0, 20, 124, 8, 3, 166, 56, 33, 0, 16, 78, 128,
    0, 32, 44, 0, 0, 7, 65, 130, 0, 12, 200, 34, 162, 16, 75, 207, 176, 144, 60, 160,
    128, 64, 56, 165, 227, 156, 192, 37, 0, 0, 192, 5, 0, 4, 236, 33, 0, 42, 192,
    5, 0, 8, 252, 1, 0, 64, 65, 128, 0, 8, 192, 37, 0, 12, 208, 37, 0, 0, 252, 32,
    10, 16, 75, 207, 176, 120, 0, 0, 0, 0, 61, 35, 215, 10, 64, 192, 0, 0, 192, 192,
    0, 0, 148, 33, 255, 240, 124, 8, 2, 166, 144, 1, 0, 20, 128, 28, 7, 196, 44, 0,
    29, 203, 64, 130, 0, 52, 44, 4, 0, 82, 65, 130, 0, 16, 44, 4, 0, 83, 65, 130,
    0, 24, 72, 0, 0, 32, 60, 128, 128, 64, 56, 132, 228, 8, 136, 132, 0, 0, 72, 0,
    0, 16, 60, 128, 128, 64, 56, 132, 228, 9, 136, 132, 0, 0, 75, 194, 125, 37, 128,
    1, 0, 20, 124, 8, 3, 166, 56, 33, 0, 16, 78, 128, 0, 32, 82, 83, 0, 0, 86, 115,
    99, 114, 111, 108, 108, 0, 152, 3, 0, 68, 56, 128, 0, 0, 56, 0, 0, 3, 124, 9,
    3, 166, 124, 163, 34, 20, 136, 5, 91, 211, 40, 0, 0, 35, 64, 130, 0, 12, 56, 0,
    0, 38, 152, 5, 91, 211, 56, 132, 0, 1, 66, 0, 255, 228, 75, 204, 79, 224]
