sys/main.dol:
  2151665576: [148, 33, 255, 240, 124, 8, 2, 166, 144, 1, 0, 20, 75, 198, 8, 173,
    72, 0, 0, 73, 60, 96, 128, 60, 56, 99, 93, 96, 56, 128, 3, 16, 75, 197, 251, 61,
    60, 160, 128, 64, 56, 165, 208, 65, 136, 165, 0, 0, 44, 5, 0, 1, 64, 130, 0, 20,
    60, 96, 128, 60, 56, 99, 82, 44, 56, 128, 42, 128, 75, 197, 251, 25, 128, 1, 0,
    20, 124, 8, 3, 166, 56, 33, 0, 16, 78, 128, 0, 32, 148, 33, 255, 240, 124, 8,
    2, 166, 144, 1, 0, 20, 147, 225, 0, 12, 63, 224, 128, 64, 59, 255, 208, 71, 136,
    127, 0, 0, 72, 0, 0, 12, 72, 0, 0, 37, 140, 127, 0, 1, 40, 3, 0, 255, 64, 130,
    255, 244, 131, 225, 0, 12, 128, 1, 0, 20, 124, 8, 3, 166, 56, 33, 0, 16, 78, 128,
    0, 32, 1, 0, 1, 255, 255, 255, 255, 255, 255, 255, 255, 255, 255, 255, 255, 255,
    255, 255, 255, 255, 255, 255, 255, 255, 255, 255, 255, 255, 255, 255, 255, 255,
    255, 255, 255, 255, 255, 255, 255, 255, 255, 255, 255, 255, 255, 255, 255, 255,
    255, 255, 255, 0, 148, 33, 255, 240, 124, 8, 2, 166, 144, 1, 0, 20, 75, 234, 197,
    217, 60, 96, 128, 61, 56, 99, 167, 92, 128, 99, 0, 0, 168, 99, 2, 6, 124, 99,
    0, 208, 56, 131, 64, 0, 56, 132, 16, 0, 84, 132, 0, 36, 56, 96, 0, 0, 75, 200,
    215, 37, 128, 1, 0, 20, 124, 8, 3, 166, 56, 33, 0, 16, 78, 128, 0, 32, 148, 33,
    255, 240, 124, 8, 2, 166, 144, 1, 0, 20, 60, 128, 128, 64, 56, 132, 208, 240,
    192, 100, 0, 0, 192, 132, 0, 4, 75, 229, 88, 9, 128, 1, 0, 20, 124, 8, 3, 166,
    56, 33, 0, 16, 78, 128, 0, 32, 64, 0, 0, 0, 62, 76, 204, 205, 148, 33, 255, 240,
    124, 8, 2, 166, 144, 1, 0, 20, 60, 128, 128, 64, 56, 132, 209, 40, 192, 100, 0,
    0, 192, 132, 0, 4, 75, 229, 87, 209, 128, 1, 0, 20, 124, 8, 3, 166, 56, 33, 0,
    16, 78, 128, 0, 32, 64, 0, 0, 0, 61, 204, 204, 205, 60, 96, 128, 58, 56, 99, 77,
    240, 192, 3, 0, 0, 192, 34, 165, 232, 236, 1, 0, 50, 252, 0, 0, 30, 216, 1, 0,
    104, 128, 1, 0, 108, 252, 32, 8, 30, 216, 33, 0, 104, 128, 97, 0, 108, 84, 99,
    240, 190, 124, 0, 24, 0, 64, 128, 0, 20, 124, 99, 0, 208, 124, 0, 24, 0, 64, 129,
    0, 8, 72, 0, 0, 20, 168, 127, 2, 14, 124, 0, 24, 80, 176, 31, 2, 14, 176, 31,
    2, 6, 192, 2, 164, 88, 75, 212, 132, 192, 84, 6, 6, 63, 64, 130, 0, 52, 136, 195,
    0, 3, 40, 6, 0, 0, 64, 130, 0, 40, 136, 195, 0, 4, 40, 6, 0, 75, 65, 128, 0, 28,
    40, 6, 0, 79, 65, 129, 0, 20, 127, 227, 251, 120, 124, 196, 51, 120, 72, 0, 11,
    121, 75, 195, 123, 112, 84, 0, 6, 62, 75, 195, 108, 172, 44, 0, 0, 7, 65, 130,
    0, 12, 200, 34, 162, 16, 75, 207, 194, 28, 60, 160, 128, 64, 56, 165, 228, 12,
    192, 37, 0, 0, 192, 5, 0, 4, 236, 33, 0, 42, 192, 5, 0, 8, 252, 1, 0, 64, 65,
    128, 0, 8, 192, 37, 0, 12, 208, 37, 0, 0, 252, 32, 10, 16, 75, 207, 194, 4, 0,
    0, 0, 0, 62, 25, 153, 154, 64, 192, 0, 0, 192, 192, 0, 0]
